    0.0000     0.0000     0.0000     0.0000     0.0000     0.0000     0.0000     0.0000     0.0000     0.0000     0.0000     0.0000     0.0000     0.0000     0.0000     0.0000     0.0000     0.0000     0.0000     0.0000     0.0000     0.0000     0.0000     0.0000     0.0000     0.0000     0.0000     0.0000     0.0000     0.0000     0.0000     0.0000     0.0000     0.0000     0.0000     0.0000     0.0000     0.0000     0.0000     0.0000     0.0000     0.0000     0.0000     0.0000     0.0000     0.0000     0.0000     0.0000     0.0000     0.0000     0.0000     0.0000     0.0000     0.0000     0.0000     0.0000     0.0000     0.0000     0.0000     0.0000     0.0000     0.0000     0.0000     0.0000     0.0000     0.0000     0.0000     0.0000     0.0000     0.0000     0.0000     0.0000     0.0000     0.0000     0.0000     0.0000     0.0000     0.0000     0.0000     0.0000     0.0000     0.0000     0.0000     0.0000     0.0000     0.0000     0.0000     0.0000     0.0000     0.0000     0.0000     0.0000     0.0000     0.0000     0.0000     0.0000     0.0000     0.0000     0.0000     0.0000
    0.0000     0.1270     0.2527     0.3760     0.4956     0.6105     0.7198     0.8228     0.9187     1.0073     1.0883     1.1616     1.2272     1.2855     1.3366     1.3810     1.4193     1.4519     1.4794     1.5024     1.5215     1.5370     1.5497     1.5598     1.5679     1.5743     1.5792     1.5830     1.5860     1.5882     1.5898     1.5911     1.5920     1.5926     1.5931     1.5935     1.5937     1.5939     1.5940     1.5941     1.5942     1.5942     1.5942     1.5942     1.5943     1.5943     1.5943     1.5943     1.5943     1.5943     1.5943     1.5943     1.5943     1.5943     1.5943     1.5943     1.5942     1.5942     1.5942     1.5942     1.5941     1.5940     1.5939     1.5937     1.5935     1.5931     1.5926     1.5920     1.5911     1.5898     1.5882     1.5860     1.5830     1.5792     1.5743     1.5679     1.5598     1.5497     1.5370     1.5215     1.5024     1.4794     1.4519     1.4193     1.3810     1.3366     1.2855     1.2272     1.1616     1.0883     1.0073     0.9187     0.8228     0.7198     0.6105     0.4956     0.3760     0.2527     0.1270     0.0000
    0.0000     0.2527     0.5030     0.7483     0.9863     1.2150     1.4325     1.6373     1.8283     2.0047     2.1658     2.3116     2.4422     2.5581     2.6599     2.7483     2.8245     2.8894     2.9442     2.9899     3.0278     3.0588     3.0839     3.1041     3.1202     3.1328     3.1427     3.1503     3.1561     3.1605     3.1638     3.1663     3.1681     3.1694     3.1704     3.1711     3.1715     3.1719     3.1721     3.1723     3.1724     3.1725     3.1726     3.1726     3.1727     3.1727     3.1727     3.1727     3.1727     3.1727     3.1727     3.1727     3.1727     3.1727     3.1727     3.1727     3.1726     3.1726     3.1725     3.1724     3.1723     3.1721     3.1719     3.1715     3.1711     3.1704     3.1694     3.1681     3.1663     3.1638     3.1605     3.1561     3.1503     3.1427     3.1328     3.1202     3.1041     3.0839     3.0588     3.0278     2.9899     2.9442     2.8894     2.8245     2.7483     2.6599     2.5581     2.4422     2.3116     2.1658     2.0047     1.8283     1.6373     1.4325     1.2150     0.9863     0.7483     0.5030     0.2527     0.0000
    0.0000     0.3760     0.7483     1.1131     1.4672     1.8074     2.1310     2.4358     2.7199     2.9822     3.2219     3.4389     3.6332     3.8055     3.9569     4.0885     4.2018     4.2983     4.3798     4.4479     4.5042     4.5504     4.5878     4.6178     4.6417     4.6605     4.6752     4.6865     4.6951     4.7017     4.7066     4.7103     4.7130     4.7149     4.7164     4.7174     4.7181     4.7186     4.7190     4.7193     4.7195     4.7196     4.7197     4.7198     4.7198     4.7199     4.7199     4.7199     4.7199     4.7199     4.7199     4.7199     4.7199     4.7199     4.7199     4.7198     4.7198     4.7197     4.7196     4.7195     4.7193     4.7190     4.7186     4.7181     4.7174     4.7164     4.7149     4.7130     4.7103     4.7066     4.7017     4.6951     4.6865     4.6752     4.6605     4.6417     4.6178     4.5878     4.5504     4.5042     4.4479     4.3798     4.2983     4.2018     4.0885     3.9569     3.8055     3.6332     3.4389     3.2219     2.9822     2.7199     2.4358     2.1310     1.8074     1.4672     1.1131     0.7483     0.3760     0.0000
    0.0000     0.4956     0.9863     1.4672     1.9340     2.3824     2.8089     3.2106     3.5851     3.9309     4.2468     4.5328     4.7889     5.0161     5.2156     5.3890     5.5384     5.6656     5.7730     5.8627     5.9370     5.9978     6.0471     6.0867     6.1182     6.1430     6.1623     6.1772     6.1886     6.1973     6.2038     6.2086     6.2121     6.2147     6.2166     6.2180     6.2189     6.2196     6.2201     6.2205     6.2208     6.2209     6.2211     6.2212     6.2213     6.2213     6.2214     6.2214     6.2214     6.2214     6.2214     6.2214     6.2214     6.2214     6.2213     6.2213     6.2212     6.2211     6.2209     6.2208     6.2205     6.2201     6.2196     6.2189     6.2180     6.2166     6.2147     6.2121     6.2086     6.2038     6.1973     6.1886     6.1772     6.1623     6.1430     6.1182     6.0867     6.0471     5.9978     5.9370     5.8627     5.7730     5.6656     5.5384     5.3890     5.2156     5.0161     4.7889     4.5328     4.2468     3.9309     3.5851     3.2106     2.8089     2.3824     1.9340     1.4672     0.9863     0.4956     0.0000
    0.0000     0.6105     1.2150     1.8074     2.3824     2.9348     3.4602     3.9550     4.4164     4.8423     5.2315     5.5837     5.8992     6.1791     6.4249     6.6385     6.8225     6.9792     7.1115     7.2221     7.3135     7.3884     7.4491     7.4979     7.5367     7.5672     7.5911     7.6094     7.6235     7.6342     7.6422     7.6481     7.6525     7.6557     7.6580     7.6597     7.6609     7.6618     7.6624     7.6629     7.6632     7.6634     7.6636     7.6638     7.6639     7.6640     7.6640     7.6641     7.6641     7.6641     7.6641     7.6641     7.6641     7.6640     7.6640     7.6639     7.6638     7.6636     7.6634     7.6632     7.6629     7.6624     7.6618     7.6609     7.6597     7.6580     7.6557     7.6525     7.6481     7.6422     7.6342     7.6235     7.6094     7.5911     7.5672     7.5367     7.4979     7.4491     7.3884     7.3135     7.2221     7.1115     6.9792     6.8225     6.6385     6.4249     6.1791     5.8992     5.5837     5.2315     4.8423     4.4164     3.9550     3.4602     2.9348     2.3824     1.8074     1.2150     0.6105     0.0000
    0.0000     0.7198     1.4325     2.1310     2.8089     3.4602     4.0797     4.6631     5.2071     5.7092     6.1682     6.5834     6.9554     7.2854     7.5751     7.8270     8.0439     8.2287     8.3847     8.5150     8.6228     8.7111     8.7827     8.8402     8.8860     8.9220     8.9501     8.9718     8.9883     9.0009     9.0103     9.0174     9.0226     9.0263     9.0291     9.0311     9.0326     9.0336     9.0344     9.0349     9.0353     9.0357     9.0359     9.0361     9.0362     9.0363     9.0364     9.0365     9.0365     9.0366     9.0366     9.0365     9.0365     9.0364     9.0363     9.0362     9.0361     9.0359     9.0357     9.0353     9.0349     9.0344     9.0336     9.0326     9.0311     9.0291     9.0263     9.0225     9.0174     9.0103     9.0009     8.9883     8.9718     8.9501     8.9220     8.8860     8.8402     8.7827     8.7111     8.6228     8.5150     8.3847     8.2287     8.0439     7.8270     7.5751     7.2854     6.9554     6.5834     6.1682     5.7092     5.2071     4.6631     4.0797     3.4602     2.8089     2.1310     1.4325     0.7198     0.0000
    0.0000     0.8228     1.6373     2.4358     3.2106     3.9550     4.6631     5.3300     5.9517     6.5257     7.0502     7.5248     7.9500     8.3272     8.6583     8.9463     9.1941     9.4054     9.5836     9.7326     9.8558     9.9567    10.0386    10.1043    10.1566    10.1978    10.2299    10.2547    10.2736    10.2880    10.2988    10.3069    10.3128    10.3172    10.3204    10.3227    10.3244    10.3256    10.3265    10.3272    10.3277    10.3281    10.3284    10.3286    10.3288    10.3290    10.3291    10.3292    10.3293    10.3293    10.3293    10.3293    10.3292    10.3291    10.3290    10.3288    10.3286    10.3284    10.3281    10.3277    10.3272    10.3265    10.3256    10.3244    10.3227    10.3204    10.3172    10.3128    10.3069    10.2988    10.2880    10.2736    10.2547    10.2299    10.1978    10.1566    10.1043    10.0386     9.9567     9.8558     9.7326     9.5836     9.4054     9.1941     8.9463     8.6583     8.3272     7.9500     7.5248     7.0502     6.5257     5.9517     5.3300     4.6631     3.9550     3.2106     2.4358     1.6373     0.8228     0.0000
    0.0000     0.9187     1.8283     2.7199     3.5851     4.4164     5.2071     5.9517     6.6460     7.2869     7.8726     8.4026     8.8774     9.2985     9.6683     9.9898    10.2666    10.5024    10.7015    10.8678    11.0054    11.1181    11.2095    11.2829    11.3413    11.3872    11.4231    11.4508    11.4720    11.4881    11.5002    11.5092    11.5158    11.5208    11.5244    11.5270    11.5289    11.5304    11.5314    11.5323    11.5329    11.5334    11.5338    11.5341    11.5344    11.5346    11.5348    11.5349    11.5350    11.5350    11.5350    11.5350    11.5349    11.5348    11.5346    11.5344    11.5341    11.5338    11.5334    11.5329    11.5323    11.5314    11.5304    11.5289    11.5270    11.5244    11.5208    11.5158    11.5092    11.5002    11.4881    11.4720    11.4508    11.4231    11.3872    11.3413    11.2829    11.2095    11.1181    11.0054    10.8678    10.7015    10.5024    10.2666     9.9898     9.6683     9.2985     8.8774     8.4026     7.8726     7.2869     6.6460     5.9517     5.2071     4.4164     3.5851     2.7199     1.8283     0.9187     0.0000
    0.0000     1.0073     2.0047     2.9822     3.9309     4.8423     5.7092     6.5257     7.2869     7.9896     8.6318     9.2128     9.7334    10.1951    10.6005    10.9530    11.2565    11.5151    11.7333    11.9157    12.0665    12.1901    12.2903    12.3708    12.4348    12.4852    12.5245    12.5549    12.5782    12.5959    12.6092    12.6191    12.6265    12.6319    12.6359    12.6389    12.6411    12.6427    12.6440    12.6450    12.6458    12.6464    12.6469    12.6473    12.6477    12.6480    12.6482    12.6484    12.6485    12.6486    12.6486    12.6485    12.6484    12.6482    12.6480    12.6477    12.6473    12.6469    12.6464    12.6458    12.6450    12.6440    12.6427    12.6411    12.6389    12.6359    12.6319    12.6265    12.6191    12.6092    12.5959    12.5782    12.5549    12.5245    12.4852    12.4348    12.3708    12.2903    12.1901    12.0665    11.9157    11.7333    11.5151    11.2565    10.9530    10.6005    10.1951     9.7334     9.2128     8.6318     7.9896     7.2869     6.5257     5.7092     4.8423     3.9309     2.9822     2.0047     1.0073     0.0000
    0.0000     1.0883     2.1658     3.2219     4.2468     5.2315     6.1682     7.0502     7.8726     8.6318     9.3256     9.9533    10.5157    11.0145    11.4525    11.8333    12.1611    12.4405    12.6763    12.8733    13.0363    13.1697    13.2780    13.3650    13.4342    13.4886    13.5312    13.5640    13.5892    13.6084    13.6228    13.6336    13.6416    13.6476    13.6520    13.6554    13.6579    13.6598    13.6612    13.6624    13.6634    13.6642    13.6649    13.6655    13.6660    13.6664    13.6667    13.6670    13.6671    13.6672    13.6672    13.6671    13.6670    13.6667    13.6664    13.6660    13.6655    13.6649    13.6642    13.6634    13.6624    13.6612    13.6598    13.6579    13.6554    13.6520    13.6476    13.6416    13.6336    13.6228    13.6084    13.5892    13.5640    13.5312    13.4886    13.4342    13.3650    13.2780    13.1697    13.0363    12.8733    12.6763    12.4405    12.1611    11.8333    11.4525    11.0145    10.5157     9.9533     9.3256     8.6318     7.8726     7.0502     6.1682     5.2315     4.2468     3.2219     2.1658     1.0883     0.0000
    0.0000     1.1616     2.3116     3.4389     4.5328     5.5837     6.5834     7.5248     8.4026     9.2128     9.9533    10.6233    11.2236    11.7559    12.2234    12.6298    12.9797    13.2779    13.5295    13.7398    13.9137    14.0562    14.1717    14.2646    14.3384    14.3966    14.4420    14.4772    14.5041    14.5246    14.5401    14.5517    14.5604    14.5669    14.5718    14.5755    14.5783    14.5806    14.5823    14.5838    14.5850    14.5860    14.5869    14.5877    14.5884    14.5890    14.5894    14.5898    14.5900    14.5901    14.5901    14.5900    14.5898    14.5894    14.5890    14.5884    14.5877    14.5869    14.5860    14.5850    14.5838    14.5823    14.5806    14.5783    14.5755    14.5718    14.5669    14.5604    14.5517    14.5401    14.5246    14.5041    14.4772    14.4420    14.3966    14.3384    14.2646    14.1717    14.0562    13.9137    13.7398    13.5295    13.2779    12.9797    12.6298    12.2234    11.7559    11.2236    10.6233     9.9533     9.2128     8.4026     7.5248     6.5834     5.5837     4.5328     3.4389     2.3116     1.1616     0.0000
    0.0000     1.2272     2.4422     3.6332     4.7889     5.8992     6.9554     7.9500     8.8774     9.7334    10.5157    11.2236    11.8577    12.4201    12.9140    13.3434    13.7130    14.0280    14.2938    14.5160    14.6997    14.8503    14.9724    15.0705    15.1485    15.2101    15.2581    15.2953    15.3239    15.3456    15.3621    15.3746    15.3839    15.3910    15.3963    15.4005    15.4037    15.4063    15.4084    15.4102    15.4117    15.4131    15.4143    15.4154    15.4163    15.4171    15.4177    15.4182    15.4186    15.4187    15.4187    15.4186    15.4182    15.4177    15.4171    15.4163    15.4154    15.4143    15.4131    15.4117    15.4102    15.4084    15.4063    15.4037    15.4005    15.3964    15.3910    15.3839    15.3746    15.3621    15.3456    15.3239    15.2953    15.2581    15.2101    15.1485    15.0705    14.9724    14.8503    14.6997    14.5160    14.2938    14.0280    13.7130    13.3434    12.9140    12.4201    11.8577    11.2236    10.5157     9.7334     8.8774     7.9500     6.9554     5.8992     4.7889     3.6332     2.4422     1.2272     0.0000
    0.0000     1.2855     2.5581     3.8055     5.0161     6.1791     7.2854     8.3272     9.2985    10.1951    11.0145    11.7559    12.4201    13.0092    13.5265    13.9762    14.3633    14.6933    14.9717    15.2044    15.3969    15.5546    15.6825    15.7853    15.8671    15.9317    15.9821    16.0211    16.0512    16.0741    16.0916    16.1048    16.1149    16.1225    16.1284    16.1331    16.1368    16.1398    16.1424    16.1447    16.1466    16.1484    16.1501    16.1515    16.1528    16.1539    16.1548    16.1555    16.1559    16.1562    16.1562    16.1559    16.1555    16.1548    16.1539    16.1528    16.1515    16.1500    16.1484    16.1466    16.1446    16.1424    16.1398    16.1368    16.1331    16.1284    16.1225    16.1149    16.1048    16.0916    16.0741    16.0512    16.0211    15.9821    15.9317    15.8671    15.7853    15.6825    15.5546    15.3969    15.2044    14.9717    14.6933    14.3633    13.9762    13.5265    13.0092    12.4201    11.7559    11.0145    10.1951     9.2985     8.3272     7.2854     6.1791     5.0161     3.8055     2.5581     1.2855     0.0000
    0.0000     1.3366     2.6599     3.9569     5.2156     6.4249     7.5751     8.6583     9.6683    10.6005    11.4525    12.2234    12.9140    13.5265    14.0643    14.5319    14.9344    15.2775    15.5670    15.8089    16.0091    16.1731    16.3062    16.4131    16.4983    16.5655    16.6180    16.6588    16.6902    16.7143    16.7327    16.7468    16.7575    16.7658    16.7724    16.7776    16.7819    16.7856    16.7888    16.7917    16.7942    16.7966    16.7988    16.8007    16.8025    16.8040    16.8052    16.8062    16.8068    16.8072    16.8072    16.8068    16.8062    16.8052    16.8040    16.8025    16.8007    16.7988    16.7966    16.7942    16.7917    16.7888    16.7856    16.7819    16.7776    16.7724    16.7658    16.7575    16.7468    16.7327    16.7143    16.6902    16.6588    16.6180    16.5655    16.4983    16.4131    16.3062    16.1731    16.0091    15.8089    15.5670    15.2775    14.9344    14.5319    14.0643    13.5265    12.9140    12.2234    11.4525    10.6005     9.6683     8.6583     7.5751     6.4249     5.2156     3.9569     2.6599     1.3366     0.0000
    0.0000     1.3810     2.7483     4.0885     5.3890     6.6385     7.8270     8.9463     9.9898    10.9530    11.8333    12.6298    13.3434    13.9762    14.5319    15.0151    15.4310    15.7855    16.0846    16.3346    16.5414    16.7109    16.8485    16.9591    17.0472    17.1168    17.1712    17.2136    17.2463    17.2715    17.2909    17.3058    17.3173    17.3264    17.3338    17.3398    17.3449    17.3493    17.3533    17.3570    17.3603    17.3635    17.3664    17.3690    17.3714    17.3735    17.3752    17.3765    17.3774    17.3778    17.3778    17.3774    17.3765    17.3752    17.3735    17.3714    17.3690    17.3664    17.3635    17.3603    17.3570    17.3533    17.3493    17.3449    17.3398    17.3337    17.3264    17.3173    17.3058    17.2909    17.2715    17.2463    17.2136    17.1712    17.1168    17.0472    16.9591    16.8485    16.7109    16.5414    16.3346    16.0846    15.7855    15.4310    15.0151    14.5319    13.9762    13.3434    12.6298    11.8333    10.9530     9.9898     8.9463     7.8270     6.6385     5.3890     4.0885     2.7483     1.3810     0.0000
    0.0000     1.4193     2.8245     4.2018     5.5384     6.8225     8.0439     9.1941    10.2666    11.2565    12.1611    12.9797    13.7130    14.3633    14.9344    15.4310    15.8584    16.2227    16.5302    16.7871    16.9997    17.1740    17.3155    17.4293    17.5200    17.5917    17.6479    17.6917    17.7257    17.7520    17.7724    17.7882    17.8007    17.8108    17.8190    17.8260    17.8321    17.8376    17.8426    17.8473    17.8517    17.8559    17.8598    17.8634    17.8666    17.8694    17.8717    17.8735    17.8747    17.8753    17.8753    17.8747    17.8735    17.8717    17.8694    17.8666    17.8634    17.8598    17.8559    17.8517    17.8473    17.8426    17.8376    17.8321    17.8260    17.8190    17.8108    17.8007    17.7882    17.7724    17.7520    17.7257    17.6917    17.6479    17.5917    17.5200    17.4293    17.3155    17.1740    16.9997    16.7871    16.5302    16.2227    15.8584    15.4310    14.9344    14.3633    13.7130    12.9797    12.1611    11.2565    10.2666     9.1941     8.0439     6.8225     5.5384     4.2018     2.8245     1.4193     0.0000
    0.0000     1.4519     2.8894     4.2983     5.6656     6.9792     8.2287     9.4054    10.5024    11.5151    12.4405    13.2779    14.0280    14.6933    15.2775    15.7855    16.2227    16.5954    16.9100    17.1729    17.3905    17.5688    17.7137    17.8303    17.9233    17.9969    18.0547    18.1000    18.1352    18.1626    18.1841    18.2011    18.2147    18.2258    18.2353    18.2435    18.2509    18.2577    18.2641    18.2702    18.2760    18.2815    18.2867    18.2915    18.2958    18.2996    18.3027    18.3051    18.3068    18.3076    18.3076    18.3068    18.3051    18.3027    18.2996    18.2958    18.2915    18.2867    18.2815    18.2760    18.2702    18.2641    18.2577    18.2509    18.2435    18.2353    18.2258    18.2147    18.2011    18.1841    18.1626    18.1352    18.1000    18.0547    17.9969    17.9233    17.8303    17.7137    17.5688    17.3905    17.1729    16.9100    16.5954    16.2227    15.7855    15.2775    14.6933    14.0280    13.2779    12.4405    11.5151    10.5024     9.4054     8.2287     6.9792     5.6656     4.2983     2.8894     1.4519     0.0000
    0.0000     1.4794     2.9442     4.3798     5.7730     7.1115     8.3847     9.5837    10.7015    11.7333    12.6763    13.5295    14.2938    14.9717    15.5670    16.0846    16.5302    16.9100    17.2306    17.4985    17.7203    17.9022    18.0500    18.1690    18.2641    18.3395    18.3988    18.4454    18.4820    18.5107    18.5334    18.5516    18.5666    18.5791    18.5901    18.5999    18.6089    18.6175    18.6257    18.6336    18.6412    18.6485    18.6554    18.6618    18.6675    18.6726    18.6767    18.6800    18.6822    18.6833    18.6833    18.6822    18.6800    18.6767    18.6726    18.6675    18.6618    18.6554    18.6485    18.6412    18.6336    18.6257    18.6175    18.6089    18.5999    18.5901    18.5791    18.5666    18.5516    18.5334    18.5107    18.4820    18.4454    18.3988    18.3395    18.2641    18.1690    18.0500    17.9022    17.7203    17.4985    17.2306    16.9100    16.5302    16.0846    15.5670    14.9717    14.2938    13.5295    12.6763    11.7333    10.7015     9.5836     8.3847     7.1115     5.7730     4.3798     2.9442     1.4794     0.0000
    0.0000     1.5024     2.9899     4.4479     5.8627     7.2221     8.5150     9.7326    10.8678    11.9157    12.8733    13.7398    14.5160    15.2044    15.8090    16.3346    16.7871    17.1729    17.4985    17.7707    17.9961    18.1811    18.3314    18.4526    18.5495    18.6265    18.6874    18.7354    18.7733    18.8034    18.8276    18.8474    18.8640    18.8783    18.8911    18.9029    18.9141    18.9249    18.9354    18.9456    18.9556    18.9652    18.9743    18.9827    18.9904    18.9970    19.0026    19.0069    19.0098    19.0113    19.0113    19.0098    19.0069    19.0026    18.9970    18.9904    18.9827    18.9743    18.9652    18.9556    18.9456    18.9354    18.9249    18.9141    18.9029    18.8911    18.8783    18.8640    18.8474    18.8276    18.8034    18.7733    18.7354    18.6874    18.6265    18.5495    18.4526    18.3314    18.1811    17.9961    17.7707    17.4985    17.1729    16.7871    16.3346    15.8089    15.2044    14.5160    13.7398    12.8733    11.9157    10.8678     9.7326     8.5150     7.2221     5.8627     4.4479     2.9899     1.5024     0.0000
    0.0000     1.5215     3.0278     4.5042     5.9370     7.3135     8.6228     9.8558    11.0054    12.0665    13.0363    13.9137    14.6997    15.3969    16.0091    16.5414    16.9997    17.3905    17.7203    17.9962    18.2246    18.4121    18.5647    18.6878    18.7865    18.8651    18.9275    18.9770    19.0165    19.0482    19.0741    19.0957    19.1144    19.1309    19.1461    19.1605    19.1744    19.1880    19.2014    19.2147    19.2276    19.2401    19.2520    19.2631    19.2732    19.2820    19.2893    19.2949    19.2988    19.3008    19.3008    19.2988    19.2949    19.2893    19.2820    19.2732    19.2631    19.2520    19.2401    19.2276    19.2147    19.2014    19.1880    19.1744    19.1605    19.1461    19.1309    19.1144    19.0957    19.0741    19.0482    19.0165    18.9770    18.9275    18.8651    18.7865    18.6878    18.5647    18.4121    18.2246    17.9961    17.7203    17.3905    16.9997    16.5414    16.0091    15.3969    14.6997    13.9137    13.0363    12.0665    11.0054     9.8558     8.6228     7.3135     5.9370     4.5042     3.0278     1.5215     0.0000
    0.0000     1.5370     3.0588     4.5504     5.9978     7.3884     8.7111     9.9567    11.1181    12.1901    13.1697    14.0562    14.8503    15.5546    16.1731    16.7109    17.1740    17.5688    17.9022    18.1811    18.4121    18.6019    18.7564    18.8813    18.9816    19.0619    19.1259    19.1771    19.2183    19.2519    19.2799    19.3038    19.3250    19.3443    19.3625    19.3801    19.3974    19.4147    19.4318    19.4488    19.4656    19.4818    19.4973    19.5118    19.5249    19.5363    19.5459    19.5533    19.5583    19.5608    19.5608    19.5583    19.5533    19.5459    19.5363    19.5249    19.5118    19.4973    19.4818    19.4656    19.4488    19.4318    19.4147    19.3974    19.3801    19.3625    19.3443    19.3250    19.3038    19.2799    19.2519    19.2183    19.1771    19.1259    19.0619    18.9816    18.8813    18.7564    18.6019    18.4121    18.1811    17.9022    17.5688    17.1740    16.7109    16.1731    15.5546    14.8503    14.0562    13.1697    12.1901    11.1181     9.9567     8.7111     7.3884     5.9978     4.5504     3.0588     1.5370     0.0000
    0.0000     1.5497     3.0839     4.5878     6.0471     7.4491     8.7827    10.0386    11.2095    12.2903    13.2780    14.1717    14.9724    15.6825    16.3062    16.8485    17.3155    17.7137    18.0500    18.3314    18.5647    18.7564    18.9128    19.0394    19.1413    19.2232    19.2890    19.3421    19.3853    19.4212    19.4518    19.4785    19.5028    19.5256    19.5475    19.5692    19.5908    19.6125    19.6343    19.6561    19.6776    19.6985    19.7185    19.7372    19.7541    19.7689    19.7813    19.7908    19.7974    19.8007    19.8007    19.7974    19.7908    19.7813    19.7689    19.7541    19.7372    19.7185    19.6985    19.6776    19.6561    19.6343    19.6125    19.5908    19.5692    19.5475    19.5256    19.5028    19.4785    19.4518    19.4212    19.3853    19.3421    19.2890    19.2232    19.1413    19.0394    18.9128    18.7564    18.5647    18.3314    18.0500    17.7137    17.3155    16.8485    16.3062    15.6825    14.9724    14.1717    13.2780    12.2903    11.2095    10.0386     8.7827     7.4491     6.0471     4.5878     3.0839     1.5497     0.0000
    0.0000     1.5598     3.1041     4.6178     6.0867     7.4979     8.8402    10.1043    11.2829    12.3708    13.3650    14.2646    15.0705    15.7853    16.4131    16.9591    17.4293    17.8303    18.1690    18.4526    18.6878    18.8813    19.0394    19.1676    19.2713    19.3550    19.4227    19.4780    19.5237    19.5623    19.5959    19.6262    19.6543    19.6813    19.7079    19.7345    19.7615    19.7888    19.8164    19.8441    19.8715    19.8982    19.9238    19.9477    19.9694    19.9884    20.0043    20.0165    20.0249    20.0291    20.0291    20.0249    20.0165    20.0043    19.9884    19.9694    19.9477    19.9238    19.8982    19.8715    19.8441    19.8164    19.7888    19.7615    19.7345    19.7079    19.6813    19.6543    19.6262    19.5959    19.5623    19.5237    19.4780    19.4227    19.3550    19.2713    19.1676    19.0394    18.8813    18.6878    18.4526    18.1690    17.8303    17.4293    16.9591    16.4131    15.7853    15.0705    14.2646    13.3650    12.3708    11.2829    10.1043     8.8402     7.4979     6.0867     4.6178     3.1041     1.5598     0.0000
    0.0000     1.5679     3.1202     4.6417     6.1182     7.5367     8.8860    10.1566    11.3413    12.4348    13.4342    14.3384    15.1485    15.8671    16.4983    17.0472    17.5200    17.9233    18.2641    18.5495    18.7865    18.9816    19.1413    19.2713    19.3768    19.4625    19.5325    19.5902    19.6388    19.6808    19.7181    19.7526    19.7854    19.8176    19.8499    19.8827    19.9162    19.9504    19.9851    20.0201    20.0548    20.0886    20.1211    20.1514    20.1790    20.2031    20.2232    20.2388    20.2494    20.2548    20.2548    20.2494    20.2388    20.2232    20.2031    20.1790    20.1514    20.1211    20.0886    20.0548    20.0201    19.9851    19.9504    19.9162    19.8827    19.8499    19.8176    19.7854    19.7526    19.7181    19.6808    19.6388    19.5902    19.5325    19.4625    19.3768    19.2713    19.1413    18.9816    18.7865    18.5495    18.2641    17.9233    17.5200    17.0472    16.4983    15.8671    15.1485    14.3384    13.4342    12.4348    11.3413    10.1566     8.8860     7.5367     6.1182     4.6417     3.1202     1.5679     0.0000
    0.0000     1.5743     3.1328     4.6605     6.1430     7.5673     8.9220    10.1978    11.3872    12.4852    13.4886    14.3966    15.2101    15.9317    16.5655    17.1168    17.5917    17.9969    18.3395    18.6265    18.8651    19.0619    19.2232    19.3550    19.4625    19.5505    19.6230    19.6838    19.7358    19.7817    19.8236    19.8631    19.9016    19.9402    19.9794    20.0196    20.0611    20.1036    20.1471    20.1908    20.2344    20.2769    20.3177    20.3559    20.3906    20.4210    20.4463    20.4659    20.4793    20.4860    20.4860    20.4793    20.4659    20.4463    20.4210    20.3906    20.3559    20.3177    20.2769    20.2344    20.1908    20.1470    20.1036    20.0611    20.0196    19.9794    19.9402    19.9016    19.8631    19.8236    19.7817    19.7358    19.6838    19.6230    19.5505    19.4625    19.3550    19.2232    19.0619    18.8651    18.6265    18.3395    17.9969    17.5917    17.1168    16.5655    15.9317    15.2101    14.3966    13.4886    12.4852    11.3872    10.1978     8.9220     7.5672     6.1430     4.6605     3.1328     1.5743     0.0000
    0.0000     1.5792     3.1427     4.6752     6.1623     7.5911     8.9501    10.2299    11.4231    12.5245    13.5312    14.4420    15.2581    15.9821    16.6180    17.1712    17.6479    18.0547    18.3988    18.6874    18.9275    19.1259    19.2890    19.4227    19.5325    19.6230    19.6986    19.7629    19.8190    19.8696    19.9169    19.9625    20.0079    20.0540    20.1015    20.1507    20.2018    20.2544    20.3082    20.3626    20.4168    20.4698    20.5207    20.5683    20.6115    20.6494    20.6810    20.7055    20.7222    20.7306    20.7306    20.7222    20.7055    20.6810    20.6494    20.6115    20.5683    20.5207    20.4698    20.4168    20.3626    20.3082    20.2544    20.2018    20.1507    20.1015    20.0540    20.0079    19.9625    19.9169    19.8696    19.8190    19.7629    19.6986    19.6230    19.5325    19.4227    19.2890    19.1259    18.9275    18.6874    18.3988    18.0547    17.6479    17.1712    16.6180    15.9821    15.2581    14.4420    13.5312    12.5245    11.4231    10.2299     8.9501     7.5911     6.1623     4.6752     3.1427     1.5792     0.0000
    0.0000     1.5830     3.1503     4.6865     6.1772     7.6095     8.9718    10.2547    11.4508    12.5549    13.5640    14.4772    15.2953    16.0211    16.6588    17.2136    17.6917    18.1000    18.4454    18.7354    18.9770    19.1771    19.3421    19.4780    19.5902    19.6838    19.7629    19.8313    19.8922    19.9484    20.0021    20.0550    20.1085    20.1636    20.2210    20.2809    20.3433    20.4080    20.4742    20.5412    20.6081    20.6735    20.7363    20.7951    20.8486    20.8954    20.9345    20.9647    20.9854    20.9958    20.9958    20.9854    20.9647    20.9345    20.8954    20.8486    20.7951    20.7363    20.6735    20.6081    20.5412    20.4742    20.4080    20.3433    20.2809    20.2210    20.1636    20.1085    20.0550    20.0021    19.9484    19.8922    19.8313    19.7629    19.6838    19.5902    19.4780    19.3421    19.1771    18.9770    18.7354    18.4454    18.1000    17.6917    17.2136    16.6588    16.0211    15.2953    14.4772    13.5640    12.5549    11.4508    10.2547     8.9718     7.6094     6.1772     4.6865     3.1503     1.5830     0.0000
    0.0000     1.5860     3.1561     4.6951     6.1886     7.6235     8.9883    10.2736    11.4720    12.5782    13.5892    14.5041    15.3239    16.0512    16.6902    17.2463    17.7257    18.1352    18.4820    18.7733    19.0165    19.2183    19.3853    19.5237    19.6388    19.7358    19.8190    19.8922    19.9588    20.0215    20.0827    20.1441    20.2072    20.2730    20.3420    20.4144    20.4903    20.5690    20.6498    20.7318    20.8135    20.8936    20.9705    21.0425    21.1079    21.1653    21.2131    21.2502    21.2754    21.2882    21.2882    21.2754    21.2502    21.2131    21.1653    21.1079    21.0425    20.9705    20.8936    20.8135    20.7318    20.6498    20.5690    20.4903    20.4144    20.3420    20.2730    20.2072    20.1441    20.0827    20.0216    19.9588    19.8922    19.8190    19.7358    19.6388    19.5237    19.3853    19.2183    19.0165    18.7733    18.4820    18.1352    17.7257    17.2463    16.6902    16.0512    15.3239    14.5041    13.5892    12.5782    11.4720    10.2736     8.9883     7.6235     6.1886     4.6951     3.1561     1.5860     0.0000
    0.0000     1.5882     3.1605     4.7017     6.1973     7.6342     9.0009    10.2880    11.4881    12.5959    13.6084    14.5246    15.3456    16.0741    16.7143    17.2715    17.7520    18.1626    18.5107    18.8034    19.0482    19.2519    19.4212    19.5623    19.6808    19.7817    19.8696    19.9484    20.0215    20.0919    20.1617    20.2331    20.3073    20.3854    20.4679    20.5550    20.6465    20.7416    20.8394    20.9387    21.0378    21.1349    21.2281    21.3155    21.3949    21.4645    21.5226    21.5675    21.5982    21.6137    21.6137    21.5982    21.5675    21.5226    21.4645    21.3949    21.3155    21.2281    21.1349    21.0378    20.9387    20.8394    20.7416    20.6465    20.5550    20.4679    20.3854    20.3073    20.2331    20.1617    20.0919    20.0216    19.9484    19.8696    19.7817    19.6808    19.5623    19.4212    19.2519    19.0482    18.8034    18.5107    18.1626    17.7520    17.2715    16.7143    16.0741    15.3456    14.5246    13.6084    12.5959    11.4881    10.2880     9.0009     7.6342     6.1973     4.7017     3.1605     1.5882     0.0000
    0.0000     1.5898     3.1638     4.7066     6.2038     7.6422     9.0103    10.2988    11.5002    12.6092    13.6228    14.5401    15.3621    16.0916    16.7327    17.2909    17.7724    18.1841    18.5334    18.8276    19.0741    19.2799    19.4518    19.5959    19.7181    19.8236    19.9169    20.0021    20.0827    20.1617    20.2416    20.3244    20.4114    20.5037    20.6018    20.7057    20.8151    20.9291    21.0465    21.1657    21.2847    21.4014    21.5135    21.6185    21.7140    21.7977    21.8675    21.9215    21.9584    21.9770    21.9770    21.9584    21.9215    21.8675    21.7977    21.7140    21.6185    21.5135    21.4014    21.2847    21.1657    21.0465    20.9291    20.8151    20.7057    20.6018    20.5037    20.4114    20.3244    20.2416    20.1617    20.0827    20.0021    19.9169    19.8236    19.7181    19.5959    19.4518    19.2799    19.0741    18.8276    18.5334    18.1841    17.7724    17.2909    16.7327    16.0916    15.3621    14.5401    13.6228    12.6092    11.5002    10.2988     9.0103     7.6422     6.2038     4.7066     3.1638     1.5898     0.0000
    0.0000     1.5911     3.1663     4.7103     6.2086     7.6481     9.0174    10.3069    11.5092    12.6191    13.6336    14.5517    15.3746    16.1048    16.7468    17.3058    17.7882    18.2011    18.5516    18.8474    19.0957    19.3038    19.4785    19.6262    19.7526    19.8631    19.9625    20.0550    20.1441    20.2331    20.3244    20.4201    20.5216    20.6301    20.7459    20.8689    20.9987    21.1342    21.2738    21.4156    21.5573    21.6963    21.8298    21.9548    22.0686    22.1683    22.2514    22.3158    22.3597    22.3820    22.3820    22.3597    22.3158    22.2514    22.1683    22.0686    21.9548    21.8298    21.6963    21.5573    21.4156    21.2738    21.1342    20.9987    20.8689    20.7459    20.6301    20.5216    20.4201    20.3244    20.2331    20.1441    20.0550    19.9625    19.8631    19.7526    19.6262    19.4785    19.3038    19.0957    18.8474    18.5516    18.2011    17.7882    17.3058    16.7468    16.1048    15.3746    14.5517    13.6336    12.6191    11.5092    10.3069     9.0174     7.6481     6.2086     4.7103     3.1663     1.5911     0.0000
    0.0000     1.5920     3.1681     4.7130     6.2121     7.6525     9.0226    10.3128    11.5158    12.6265    13.6416    14.5604    15.3839    16.1149    16.7575    17.3173    17.8007    18.2147    18.5666    18.8640    19.1144    19.3250    19.5028    19.6543    19.7854    19.9016    20.0079    20.1085    20.2072    20.3073    20.4114    20.5216    20.6395    20.7661    20.9018    21.0464    21.1991    21.3586    21.5232    21.6904    21.8576    22.0216    22.1792    22.3268    22.4611    22.5787    22.6768    22.7528    22.8047    22.8309    22.8309    22.8047    22.7528    22.6768    22.5787    22.4611    22.3268    22.1792    22.0216    21.8576    21.6904    21.5232    21.3586    21.1991    21.0464    20.9018    20.7661    20.6395    20.5216    20.4114    20.3073    20.2072    20.1085    20.0079    19.9016    19.7854    19.6543    19.5028    19.3250    19.1144    18.8640    18.5666    18.2147    17.8007    17.3173    16.7575    16.1149    15.3839    14.5604    13.6416    12.6265    11.5158    10.3128     9.0225     7.6525     6.2121     4.7130     3.1681     1.5920     0.0000
    0.0000     1.5926     3.1694     4.7149     6.2147     7.6557     9.0263    10.3172    11.5208    12.6319    13.6476    14.5669    15.3910    16.1225    16.7658    17.3264    17.8108    18.2258    18.5791    18.8783    19.1309    19.3443    19.5256    19.6813    19.8176    19.9402    20.0540    20.1636    20.2730    20.3854    20.5037    20.6301    20.7661    20.9129    21.0706    21.2390    21.4171    21.6034    21.7957    21.9912    22.1866    22.3783    22.5626    22.7352    22.8922    23.0298    23.1446    23.2334    23.2941    23.3248    23.3248    23.2941    23.2334    23.1446    23.0298    22.8922    22.7352    22.5626    22.3783    22.1866    21.9912    21.7957    21.6034    21.4171    21.2390    21.0706    20.9129    20.7661    20.6301    20.5037    20.3854    20.2730    20.1636    20.0540    19.9402    19.8176    19.6813    19.5256    19.3443    19.1309    18.8783    18.5791    18.2258    17.8108    17.3264    16.7658    16.1225    15.3910    14.5669    13.6476    12.6319    11.5208    10.3172     9.0263     7.6557     6.2147     4.7149     3.1694     1.5926     0.0000
    0.0000     1.5931     3.1704     4.7164     6.2166     7.6580     9.0291    10.3204    11.5244    12.6359    13.6520    14.5718    15.3963    16.1284    16.7724    17.3338    17.8190    18.2353    18.5901    18.8911    19.1461    19.3625    19.5475    19.7079    19.8499    19.9794    20.1015    20.2210    20.3420    20.4679    20.6018    20.7459    20.9018    21.0706    21.2524    21.4470    21.6530    21.8686    22.0912    22.3176    22.5440    22.7661    22.9795    23.1796    23.3615    23.5210    23.6540    23.7569    23.8272    23.8628    23.8628    23.8272    23.7569    23.6540    23.5210    23.3615    23.1796    22.9795    22.7661    22.5440    22.3176    22.0912    21.8686    21.6530    21.4470    21.2524    21.0706    20.9018    20.7459    20.6018    20.4679    20.3420    20.2210    20.1015    19.9794    19.8499    19.7079    19.5475    19.3625    19.1461    18.8911    18.5901    18.2353    17.8190    17.3337    16.7724    16.1284    15.3963    14.5718    13.6520    12.6359    11.5244    10.3204     9.0291     7.6580     6.2166     4.7164     3.1704     1.5931     0.0000
    0.0000     1.5935     3.1711     4.7174     6.2180     7.6597     9.0311    10.3227    11.5270    12.6389    13.6554    14.5755    15.4005    16.1331    16.7776    17.3398    17.8260    18.2435    18.5999    18.9029    19.1605    19.3801    19.5692    19.7345    19.8827    20.0196    20.1507    20.2809    20.4144    20.5550    20.7057    20.8689    21.0464    21.2390    21.4470    21.6698    21.9059    22.1532    22.4086    22.6684    22.9282    23.1833    23.4283    23.6579    23.8668    24.0499    24.2026    24.3208    24.4014    24.4423    24.4423    24.4014    24.3208    24.2026    24.0499    23.8668    23.6579    23.4283    23.1833    22.9282    22.6684    22.4086    22.1532    21.9059    21.6698    21.4470    21.2390    21.0464    20.8689    20.7057    20.5550    20.4144    20.2809    20.1507    20.0196    19.8827    19.7345    19.5692    19.3801    19.1605    18.9029    18.5999    18.2435    17.8260    17.3398    16.7776    16.1331    15.4005    14.5755    13.6554    12.6389    11.5270    10.3227     9.0311     7.6597     6.2180     4.7174     3.1711     1.5935     0.0000
